
1
1111
100
0
00
01
0
101
110
1
00
000
1111
01
01000
110
01
10

111
11100
100
00111
101
10
010101
00
010
010110
11
01
11010
00
10101
0101
10000
10010
0111
101100
1
101
1
001
101
1001
1100
0101
01100
00
10111
01010
110
111
0001
00101
01
100
0000
11
01101
011
1
0
010001
010
1100
1011
101111
010
010110
01
0111
11
00
011
1000
01
100
11010
01
101
00011
011
1101
11000
00
101
000101
00
110111
01
100111
0
100
110
1100
001
01
0
001
11
100
1
1
100
101
101
00
01
101

0000
01
1
011

0011
1110
101
11
11100
001001
110
0001
10100
110

111
10
001
000
10
0111
00
110011
10
010
1
110000
1110
1010
001011

01111
100
00100
111
00
10
0110
011
1001
0
1
0
111
1
00
11
0000
011010
1010
0110
001
1
011001
110
10010
100110
10
0111
0111
1001
00

10101
100
0
001
0
1111
0110
01
10
111001
010010
001
101110
11011
001110
0101
0000
10101
010010
101110
01
10
10
0011
10
010
1

1000
101111
0
1
10
010
101011
01001
0000
110111
101
101010
011000
110

0110
110
01001
01
10
0
00
01

1111

10
101
1011
000
111
110
10000
0
011
0101
01
11
1000
110
0
0000
11

01

111010

001111
101001
1
01010
1000
101101
100
10110
011001
0000
111
10
010111
0010
10
00
001011
011
11101
0010
11010
100
1111
10100
000
101
11
0


0
1111
0
10
0
110
0100
0
101011
0111
101001
010
101001
0111
001
11
0
111010
0000
10
0101
00
11
110
010110
01

0
00
1111

101
0
0011
0
1111
100
110
00

01
0
1111
0
10110
0
0
1010
0010
0101
011
1101
1010
10
101000
101101
010110
01
111011
0000
0110
01001
110110
001110
101
011
01010
00011
1
110
01
01
0
0111
000
0
000
100
111
01
111
1001
0001
10010
11
010
011
111010
1010
001111
00010
111011
10101
00
010100
11010
0100
1010
110
1111
000

011
1111
110100
100
0110
1101
0100
001010
000
01

1111
101
010

011
01
011
11
100
10
0100

1
11
001
01011
10010
11000

0
11101
10000
01
01
1
10
0110
010000
111
00
111
10
1111
1010
010100
101
11000
0001
110
11101
11000
01100
1
01010
0011
1001
00
1111
11
10
0
10
0010
11101
0100
010
1001
1001
101
0
110011
0101
10

10000
011
100101
100100
010111
01001
001011
111010
00
110011
10101
11
001011
010100
110101
1000
10
0
0101
1010
0111
11
10
00
00
01
011
10
1101
1010
001
11
0011
0010
100
1
1
10
01000
111001
111
01
1
010101
0100
110100
01010
0
010
11
11
01
00
01
11
1111
000


110100
001
1101
111
001
10
100010
1
001
100
010
1110


1
1
1
10
00


01
101
1110
101
0000
01
10
10110
10010
01
0010
1001
1
11
110001
1111

01
10
00110
0100
01
11
1100
11100
00100
101

101010
001
101
111
10100
00
101
1110
11
00101
000
01011
111
010000
100
101
10
01
1111
101010
01000
100
1
11
0110
1001
01
100
10
0001
001
01
1
1011
1
0
11
101
01101
1100
00
0
0000
011
110001
11
101
010
101
0
010

01111
101
101
1000
011
101111
100100
0


0
0
0
10
11
01
01
11001
1101
001011
100111
11
0000
100010
101100
00
01
0011
0
111
100101
1100
1100
01
0101
101100
01
1001
01110
000
10
1
11
1
01100
1
1
1
1
0
0
0
01
011
011001
111
101
010110
010
000
11101
1110
01000
001
10010

1
0
001
101111
100
1
00
110
00
0101
101100
0101
10
1110
011
10
1
000
101111
01
00
1
10
101
1
11
0
100
100
01
00
00
10
100101
0111
11
1100
100
001
0
01011
111
10010

010001
10
1101
01101
101
101000
01
0
1011
1101
010
010
10001
11001
0011
001000
01
1
111
10
1100
1
1
011
1
0000

11011
011
110
10
010
010
00
10110
1
010100
110
110001
11
010001
1111
110101
01010
1
0
01
001000
0110
0001

11
1
1010
10
1111
0010
0
100
011
110110
010100
0010
1000
011
1
1111

010
100
11
1
1
0

0
100
101111
010
01000

101
101
10
0
10
011011
10110
1010
001
0
00
10000
11
110101

100111
1
10
101
1
10
0101
101000
00
100
010
011
101
01101
1011
1011
10
1011
000

1000
011
10
1
01
101
11010
010
0
011
00
10
1
1100
01110
0101
0

1
10
100
001
1011
0000
11
1

101001
1000
111
1101
00
01111
101000

1
0
1100
00
00
1110
01
01
11011
00
0
010
11
111011
010
10
11101
01001
10
010110
101100
0
0
100
001
11000
1011
011
01
1
110111
011000
10
000
01001
00110
11011
11
00
00
100
001
011
111
11
1011
0
0
00
0
11010
011
1000
01
1001
001100
1111
01
11
10000
111
00
01
010
101
101
010001
1100
01101
10001
0
110011
01010
11
01
01
11
01
00

0
110
1
10
10

1
001
010000
1
001
111
110
100101
11
100
01101
110100
010010
1001
1
01
100
001111
01010
10
10
1
1
10
1
1
00
0
111
101
0
0011
0100
00
1

1
11
0
0
01011
00

000
1111
01
11
1
000
0101
01
111
0010
11000
110010
0110
01010
110
110
10
01100
001111
0
100
1
1110
01
001
1101
00
110
01
01
11
110
00
0
1
01001
110
0110
11
01
1000
0110
0
1111
10
00
01

100101
0011
0110
01
10
01110
110001
1
100
0
01111
100
00
11
100
0
1111
01110
11
0010
0010
00
101110
001
0101
101
1
10
01111
00
1100
101
111
000
010
001
10
11001
0010
1
11
010
110
10010
1001
00111
010
111
00
01
01
0000
11100

100111
101

0
0
011
01
1
10
110010
11
00
01
001
1111
00
10
100101
0010
11010
010011
10101
110010
101
0
0011
1011
101100
01
10100
0
1
10
001111
110100
00
1
0
001
0010
1010
1
111
1
11
0
10010
101
0111
1000
10
101110
101010
100101
010100
110111
101000
000110
1101

0000
0111
11001
10011
010010
1101
100110
010
100010
001011
110
101010
001111
0

11010
10
010
0101
1001
11
1100
00100
1101
1
001
100111
101101
001100
10
00110
10100
010110
100
001101
0
011
011
0
1
011
00
0
00
001
11
111
1


0
001
0
0111
000111
10
1100
1
10111
0100
0
0
00
000111
1110
0

1110
01010
010
011
0
1
1
01
00
00
11
11
010
011
1
10101
011
010110
101
00
10
100
0
01

11100
0
1111
1000
00101
11
010011
110101
011001
10100
100
000101
1110
01
1
0
111
00
1000
100
101
01
110
1011
10001
1
1
10110
100
011
0
010
01
100
1011
0000
11010
111
001

1
1
1010
10
0

01
1101
10
101101
001010
101000
01


1
01
110
011
10000
01
10000
011
000
10110
111010
1011
111
010100
100
1111
100
01
00
00
10010
10101
1
010101
101010
1011


1
1
1
100
0
001
00
110
10
1
111
0
010
101100
100
1001
011
101010
1101
110
1
1011
011100
10101
100
001000
00
100111
01110
0001
01101
101101
100
00
10
1111
000
11101
01
010
1001
10000
0001
011101
001101
1
11
0
001
101
11011
000
1101
100
1

011
0001
101101
1010
00
0
100
0
1111
0
0
11
100010
110010
010101
011
100101
011100
0111
0
00
001
1
1111
01
1100

1111
0

1000


110110
01
010
1001
010
010101
01
0100
010
101111
1100
001
111
100010
010001
0001
110101
100
0111
101101
010
0100
1
10
0111
001
11
10100
1111
010
01
00
100
1
01
10
100
0
0010
1111
00101
110101
01
00
10
00
10
11
11
001010
0001
101110
11
0
10101
1
11
00
10
1
10
1
0
1
010100
11001
1010
0001
0110
111001
11
1
0101
0010
111
1000
010
00
101
1111
00
1
10110
00
01101
100
0
000
100
11101
110101
0
1
11
1
100
00
1
10111
1000
011
011
00010
10
101
01011
001011
101011
1
010
110000
10100
1
100
1
1
00
1

011100
1101
0001
110
000101
01100
111001
0110
11011
1001
0100
01
0

101
0
0101
1
0000
111
0110
101
011011
010010
10011
110100
1010
001001
1
10110

00011
101
111000
100
11
11
0011
010101
1010
000

1111
10

11
001100
0001
0
1111
010
0
01


0
10
00
1
10
1
1

10110
1110
000
00
11
00
1011
101
01
011000
01
1110
01
01
0101
11
0
0111
00
100
0110
10
0101
100
10
1
1

000
10
0101
0111
001
0
111
101010
00
1011
011
110
100
101100
011
0
000
1011
01
1011
0101

10
0
110
1
10
10
001
100
1
111
11
00
10100
110
011011
1010
0101
1
0
00
1
010
110
10010
0101
10
10
0

1
001
10
10
101
11
0
01
0
0
10101
10
0
010

00
01111
10
11
001101
110100
010110
10100
1110
000101
101
10
001011
10
10
1
0
10
101010
011
01
1111
101100
0010
000110

1
10
10
1
0

0
1
1
110
10
1010
001
1001
010
11
1110
01
10001
100
0
101001
0
100
1111
10
01
001
111001
010
1011
01
001100
1100
011
1
11101
0001
0010
11
010100
01101
010
10
00110
01
1010
110
101010
1010
011101
111
010
0
00
10101
0000
1
11


01
1000
001101
1101
110110
0101
1
00
10
00
101011
000
11
1
01
010
100

0011
111
01
10
11010
11
01
00011
1100
100
010
1
1001

11
0000
10
1
01100
1
0
0
011
0101
101
1001
101111
000
11
10
000
1
100010
110
0
110100
00011
1101
110
010101

010
1
10010
1
1
110110
000
1100
101111
001010
0110
010101
1001
00
10
0011
0
1
11
00
01111


10
000
111
0

0
1
1111
00
01
0
10101
001011
11100
0000
0111
10011
01
01
0
0100
1
1100
101101
10100
100
00
0
110001
111
0111
10
00
101
01
10000
110111
01
101011
001000
100
1101
110
001
0111
011010
00
111010
10100
1010
01001
110011
011
1000
1100
0011
10100
11
1
110
001
100

01
010010
1111
1
11
0
0110
01
0010
10
1100
1010
0
100
01110
01111
100
000100
1111
10110
000111
111000
011
001
10011
100
10
00
11
0110
01
11
0101
0011
01
1
010
100
10
10
0
001111
100
10
1
000110
01
01
110
01
1
11010
11001
1
01
01111
11000
000
010110
010
100
11
1100
010101
00101
1011
101011
01000
101111
10
010
000
110110
0
10
001
100
10
10111
01
10
10
000
1
111
1110
0001
1
111
1001
010
101010
0011
0100
10
01101
01111
1

101000
00
10
10
0111
111
0000
010110
10001
1100
0010
001
110111
1100
000101
10101
010100
111
0110
0010
011
101
10
00
10
100
10
01
011
11
00101
0101
11100
010
100
110
1011
000
011011
10101
001
111011
0001
011100
111010
000101
0101
110110
11
00100
1001
01
11
01
011
10100
1
1000

111
1010
010000
11011
0010
1010
00
10101
101010
1000
0
11
11
001
11001
001110
01010
1010
000111
110
0
1
10
1
11
010
0
10
01010
101001
1011
000101
1
110
11101
010
00
01
1010
010
1
0110
110010
101010
00
110
01101
1010
110
1
01
00
1011
0001
10
01001
010
011
101010
10010
011
11

101
10
1010
1

100
111
101
0000
101
0
101
0
1100
1011
10
0110
111
0001
0100
0100
100110
0011
01
0
11
110
00
00
111
010
0
01
1111
001
00
11011
1010
10101
00
110
00
00
1100
0001
1
110101
1111
1100
111
0000
010011
1
010
10110
001

10111
101000
01
11
0
11
011
11
00
101
00
100010
0
10010
00100
0
011011
1111
101
11
01
11
100101
00101
11100
010000
0
1111
10

100
0
1001
1
10110
0000
01
010
1
11
1011
11001
000
110110
011
01
101000
0010
1100
010
10011
00101
0
111011
1001
01001

10
1111
0100
10
0
0
10110
0
1111
0

101100
11100
010
00
1011
101
0
00
11
1
1
110

00
0100
1
1011
00
101
00110
1
01
1
01111
000
0001
110
101
10
1
10
11
1
01001
00
11
00
00
101
10
010
11
1
1
1
1
10
0
00
100
1
0101
1111
001
0100
01
10

11
010
1111
00
100100
01
101
11001
0101
00
0
1
11010
010011
00
1011
101
010001
1
01
101
0000
11

110
10
0001
001
111
110
10
010
1
0
01
01
111
01
100110
100
100
0001
1011
011101
11000
0111
100
01
110010
10110
011
010
0
101
1
1
10
1

0
0
011
00
10
10011
0100
10
1101

101001
1111
0
1
0
00
0000
1
001
100
11
111
0110
0100
11010
01011
101000
111
00111
001
101
11
0000
10
011
00011
101
1
1
100
0
1
000
01111
1101
010110
000
110
1
0
010011
00
110100
001
001101
1111
10
1010
0
010111
1010
01
111
00
100
0010

1
10
1
101

00
010010
11101
110
10111
010
010010
110110
010
001
001
101
10
010101
01
001
00
10011
1100
101
011
11
00
011
0
001
011
1010
00
01

1111
0
110
0
101
101111
10
0
1
000
0
10
111
0
10110
1100
010100
001
1
10
1
1

0
0

1
01
10
0011
101
00
01
1010
0
01
0000
111
1101
11
01
11
01000
11
01010
10100
1
11
0
0
00
011
10
001
110
1111
100111
00
0
00
11000
001
1010
110101
10
001010
0111
1101
1010
11100
001110
000
1
001
100110
010100
001010
001
111011
011101
110010
100
1
1
1100

0
1
0011
00
1101
0110
0
01
11001
010
010
100101
01
10
0
1111
01
100
0
01011
010101
100
1101
111

10
001
10
00

00
101
00
101101
0001
111
1010
1010
0000

11
11


0101
001101
10
00
101010
001011
110110
0
00101
110
1
1010
10
110



1111

000

010
1
1
111
1
000
0
1000
111
10
00
100
01111
01
01010
110110
0000
101110
111
0001
100101

00011
011
11001
110010
10

0000
010111
011101
1
101011
00010
110010
10111
10
01
01000
01
110100
01110
001110
110
0
00
111
10111
010000
0
011
001101
10
110000
110101
010101
110
0000
1001
11101
011
0
10
1100
110
1101
000
0001
101
011
010
11
1
110
101
10
000
1
01
001
110
1010
00
101
111
1
1
10
101001
0
000
1
010100
001
010010
11
011100
10111
001
0
1
0
10
010
11101
00111
1
11
11001
0110
0000
10100
1
11
110100
1
00
001
01
010
101
00
1
1
11
10100
11
1110
1001
00
0
000
11
001100
110
01
110101
0101
1
100
0010
10010
00
011

11
11
10
1
1
0000
01
11011
0
11
00
110
01011

10000
1
011
00
0101
0
00
11
11
00
0
010
1111
010
101001
101011
10
1
0101
101111
000

100
10
1
0000
1
1

1
11
110

10
10010
10
0010
000
1111
1011
0

0
0101
0000
00
1011
1
01
1101
110
0
11
00
01001
011
0
11


100
1
10
1

001
0011
111010
111
00
001
1100
11
0
0111
0
0
11
000
0110
10000
1110
0101
0
1
011
000
01111
101
1110
00
001
110
0
110011
11
0000
011010
1011
100
01111
00
1
101
00
11
0001
1
0110
101100
001
10
10
101001
10110
101111
110
010
1000
0011
00
0
0100
111
1
101
1
00
11

01
01
0
0
10
11100
1111
11
00
000
10
0
00
1001
01
11
010
111
0
110111
0100
101001
101011
0101
00
010001
1001
1

001
10
10
10
1
11
1
1
00

00
10
0101
0001
0101
0
1
11
10
0
0
10
1
10
11
00
0111
001
1101
11
0
10010
10111
0
110001
110110
110010
1
000100
011
1011
101
0010
1101
001100
100
010
011
101101
010110
0
011
100
00111
00
100
1100
10
0
10111
1111
0
00
01
110
10
0
01010
10
01010
0101
1011
01
1
0101
11
101000
110010
01100
101
11010
010
1
1
101
1
011
000
1101
1
0100
00
001
1011
10
10
11
00
1
11011
1100
0000
1011
10
0011
1100
10011
1000
0
01100
00
11001
001001
11
110010
1110
1011
10
1
001
10001
00
101
1100
110
1001
0110
001
001
1
011

10
00
101
101
0
10
10
00
00

1
111
0
1
01
010
11
011
0
010
10
0011
1100
10000
111011
01
00101
111001
100110
01110
100011
1100
00
00
011
011
101
11
0000
101
110100
100
10010
00110
11
10010
11101
1


1
1
0000
110
010101
11000
101
010101
100110
001
11
111010
101110
01001
000101
111010
001010
000111
01000
00100
10
1011
010011
1111
101
1010
11
010000
10
111010
01
01
00
1011
1
01001
000
01111
110
010001
111001
10110
0
101011
100110
0100
110110
010011
10
0110
110100
100100
011001
01010
10
111
0011
011
01
100100
001
110
01
10011
100
1010
01



100
1
10
1
010
1

1111
010
000
1
101101
1111
1000
010100
0100
1011
010
101010
0100
0101
10
0110
100110
11
1
00
01
0
110100
0
1111
000
111
1
11011
0000
01
01
0
10001
100
1111

1
100
0111
110001
101100
101010
000111
00
011100
0101
01111
00
101000
1
111
00
0
0110
110
10
0
01
1
010110
10
111010
001101
011001
000110
111000
1111
00101
0
0
1
0011
010
001101
011
110101
110110
10
00
0010
011100
100111
010010
1001
111000
0
011011
100011
010
010
01
11010
01011
110
11101
000
1001
10001
010
011
101
100010
000
1011
01
100
1
111
1100
010001
01000
1
1111
10011
0011
11
011
01
1100
10
0
0
11
101
0
0000
1
110
0110
011
1
01
10
110000
1
0
11101
1
110
011010
1011
000
000
01011
111
1
0
10
000
11000
00
1
00110
111
0101
1
010
100
11010
00010
1101
00
111
0011
1011
00
11
0
0
01
01
0
0
011
0
1001
10
11
0111
100
0100
101111
1010
110010
0100
011
1100
101001
0111
01001
1000
1
0
1
11
01
01000
0110
1110
00
0
01
0
10
01110
10111
10
1
00
1011
011
01
100
01
1
01111
010

00
10
0
1111
00
0


1
11100
111
011100
10
001010
1001
00
0
1010
010011
111
0101
10
0
110000
0011
1
1
0
01
1
110
01
11
0100
00
10
11
11
010
10
10
001111
01
00
100
1101
0101
0010
10
10
101
10
00110
10
0110
011
00110
11
00
0
011
00100
110111
1

00100
101101
00
111
1
100
11001
101101
1000
011010
1000
001001
110101
101011
1
01
0
0
01
10
1
001010
011
101100
11
010110
011010
111000
1000
0
001
011001
10
1111
01011
0010
110110
00
001
01
1010
111
100
00101
0
100
1111
1
0101
101
01110
1010
001
100
11
0
101110
0
1
100011
110
00101
00
0010
0011
110
000
110
110
1101
10

00110
1
101001
1
1010
101
010
0000
10
011011
110101
0110
11
110001
10111
00
00
10
001

1
1
10
1
01
00
1101

010000
1001
101
1
0011
1
10
1011
011011
0000

100
10
11
0
11
1
0000

1
1
01
0
0
0
011
0
0
1111
0010
11
0

10
101
1
1001
01
10
0
100
1010
010110
100
100
1111
01
10
01
11
010
110
101
0010
01

00
0101
11000

1111
0111
1000
000
1011
011
11
00
01
0

0
01111
10

011101
0101
110111
10
010001
1000
011000
10

1
1
101
10
0010
0111
00
100
1100
001
10
11
011101
011011
100010
011001
1000
001100
111010

1
1
1
10
0
0
000
100
011
1
110
1
1
110

00111
10
00
101
0
0
1111
10
0
101

00
001000
11010
0
1101
00
1
101111
0101
00
0110
1
010
01111
10
010
110100

010
001111
110
10
101
011100
00
11
011
01010
01
10
0011
10
00

10
1101
0
0
0
0
11
11

01
01
111
01001
101
0010
10


0
0

1111
0
001000
11
101011
11101
0
000100
01111
1
111
10
0000
01
100
01011
101100
100011
001010
011010
110100
100011
101110
100100
011010
101001
1111
000101
010101
11100
1010
10110
101
01
101100
010
10
0011
10
1000
11
1
10
10
10101
10110
0110
100101
0010
11010
0
0111
0000
1011
100
010
11
01
00
00101
1011
11100
01

101
1

0
0
011
00
11
00
110
10011
01
101011
0101
010
01
1010
1
1
100100
1
0110
011
010111
110
10000
01
100101
001
0
101
101
001
111
00
011001
010
11
01
11
00
110
0
11
11
1
01
00100
0
010
1
001
1111
0
0
100
0110

01
1111
10
00
0

11010
101011
0

1011
01
0000
010
01101
100
101010
00
11011
011001
1
1
110
1
010
0
100
10001
0010
011010
10
011
011
100111
111

00100
0111
1000
0101
1010
011
110
110100
01
11
0
00
100
011
1001
01
100
01111
00110
001011
00011
00
100100
1
110110
010111
111
1
1
01
0
000
0
1010
1
00
0
0

101111

10
010
11
0000
1
11
1
11
0
0101
11
0000

110
1
01
1
0010
11
10000
11
000101
010
0
10001
10
1111
01011
100
1
011101
10000
01
01
1
1
0
10
101
10
00
0
10000
11

0110
11011
001
1
0
1011
01111
10
0010
00
1010
0001
110
11011
001
0100
101011
011
0100
01
110
1
01

11

0
0100
10
1111
00
1
10
1001
101

100

0
0
1
1
10
1

01
0001
00
1011
1101
1110
0100
001010
001
11001
0011
11001
1010
11100
1000

111
1
1
1
000
1
101
0000
011
101
0
011
000100
011011
101101
01
011010
1000
01111
0111
1001
00
010
110
11
11000
00
11
1111
110
00
00
0110

01111
01
101
100
1
000
1
1
011
11010
10000
01
0
0
110110
0
1111
0100
11
00100

01
010
111
01

0

101010
0111
101001
01
101
0100
0
111
000100
110
110
010
101
0
110
01
01
01

101
00

00
1001
11
1
11
0011
111
000100
111000
111
011
000110
11
100
111
01
11000
010001
0110
01
01
01
111

00110
10010
010
11010
010001
001111
11
00
1
010
001101
10010
010100
1001
10111
110110
10
11011
010
000
101000
01111
1
1101
011001
10100
011000
010101
1
0011
010
01
11101
01
00
001
101101
11
0100
01101
10001
101010
110
010
110
0111
1
0000
001001
1
10011
0
0

10
10
1
1011

0

011

111
10000
10110
00
10101
10
0001
111010
01
101
0110
11
01
01
00
10
01
1010
0110
010
11
01

110
01
011
101
0111
01100
000
00
1
011
00
010110
1100
11
1010
11
1
1
01
00
0
010
1111
001
11
0101
10
000
1
111
0
011000
010
01
10
1
01
011
1001
11
00
0
010
01101
101
00
11
1
110000
000
11010
0011
01
11
111
1000
0
110000
0
011001
101011
01
11
0101
10100
10100
01010
11010
011
10101

00101
0111
0000

11
011
110
0
1111
10
00
100

1101
11
1101
0000

101100
0100
10
1

1
1010
0000
11
1011
1010
0
10
00
10
101
10011
110110
101110
000
111001
0000
100011
0
0100
01
10
01111
101010
1
101
1101
001100
1110
1001
1100
001001
10
00
100
01
1111
10



10
1010
110
00101
01
110
00
00
10001
11001
001101
111
1111
1010
0
101
01
00
0
001000
101001
11011
01110
11
101001
00110
01
001110
110
100010
101
01
1001
011
11001
10
10000
01
100
010111

0

00
01

1111
1001
011
010
1
110
00
110
1000
00
110
01
01
11010
10111
00
0101
01
100110
01
101
011101
111
110001

01
000111
11001
0000
10
1011
011
11
0000
0

00
0001
110101
110
101
01110
001110
100

0
101111
1
000
110

00
01
11
010
11

01011
011
01
100
000
110
111010
110
01101
110
101100
010100
0111
000
11100
00
010010
0
11
0
1111
01111
10
1
10010
000
11
010

0
10
1
10
101

100

111
111
0000
1001
0
101001
0
100100
110
101001
01
011011
101101
0110
1001
001101
110010
010110
010010
01110
0
10
1011
0111
10000
001
00
01110
110000
01110
1
11
0
1100
001001
110100
010100

110101
011011
00010
1101
101
0110
101
10
001101
0000

0


111
11
11
000100
001
1001
011
11
11001
011
110
0
0
01
0
1
111
0000
00
100110
1
10
0111
00
1
01
1110
1101
0
0
001011
001010
1001
111
001
100
110110
010110
001101
110110
0100
1001
011100
100110
100010
111010
000
101011
101011
010011
001101
01011
110000
1001
11
000
1101
01
01
1
11
0
00
0110
01
111011
011
1010
1010
00
0100
01
1000
100
01
11
011
11
0
01
0
10100
111
1
11
000
1
100
0101
0
0
01
1011
10
0
110
1
011
001
1001
00110
0
01
1111
0
100
10110
1110
0
001
0
01
1
10
1001
110101
101010
00100
010010
101
1110
101011
10
100
0110
10
110
0010
10
001
001011
100
11
01000
11011
110110
110010
011001
001
001001
111000
010111
010
111
1010
010010
010010
1010
1011
001010
010
110010
01
0110
001101
111011
1

00
100
1
1
1
11

0
01
111
01
0000
001011
10
00
101
101101
0
1010
000
00
10101
011100
1111
1
10
1
10
10
1
1
10
00
11
1010
010110
10
0010
11
00
0111
101
001000
011100
110
10110
101001
001
111
10010
1
011
1
010000
111
01010
011000
101011
1111
100010
00010
01
0
0100
10
11101
1
1001
0011
1
110
0000
1
11001

111000
1111
000
01
001100
11
000111

00
010101
1
0101
1010
1101
0100
111
0101
1010
011
10
001
110010
11

00110
1110
100
0001
0
111
0
101
0001
10
10
